nelem=4;
nnod=6;
ntype=1;
nfunc=1;
ncon=[1,2,3;5,3,2;2,4,5;3,5,6];
x=[0.0,0.5,0.5;1.0,0.5,0.5;0.5,1.0,1.0;0.5,1.0,1.0];
y=[0.0,0.0,0.5;0.5,0.5,0.0;0.0,0.0,0.5;0.5,0.5,1.0];
nebc=3;
iebc=[4;5;6];
vebc=[0.0;0.0;0.0];
nnbc=[3.0];
v=[0.0];
inbc=[1.0;2.0;3.0];
vnbc=[0;0;0];
fc=[1/24,0,0;1/24,0,0;1/24,0,0;1/24,0,0];
ac=[1.0,0.0,0.0;1.0,0.0,0.0;1.0,0.0,0.0];
%cc=[0.0,0.0,0.0;0.0,0.0,0.0;0.0,0.0,0.0];
% The value of A0 is not importand due to the solution not being
% depdendent on it